Item Level	Armor Multiplier	Weapon Multiplier	Trinket Multiplier	Jewelry Multiplier
1	1	1	1	1
2	1	1	1	1
3	1	1	1	1
4	1	1	1	1
5	1	1	1	1
6	1	1	1	1
7	1	1	1	1
8	1	1	1	1
9	1	1	1	1
10	1	1	1	1
11	1	1	1	1
12	1	1	1	1
13	1	1	1	1
14	1	1	1	1
15	1	1	1	1
16	1	1	1	1
17	1	1	1	1
18	1	1	1	1
19	1	1	1	1
20	1	1	1	1
21	1	1	1	1
22	1	1	1	1
23	1	1	1	1
24	1	1	1	1
25	1	1	1	1
26	1	1	1	1
27	1	1	1	1
28	1	1	1	1
29	1	1	1	1
30	1	1	1	1
31	1	1	1	1
32	1	1	1	1
33	1	1	1	1
34	1	1	1	1
35	1	1	1	1
36	1	1	1	1
37	1	1	1	1
38	1	1	1	1
39	1	1	1	1
40	1	1	1	1
41	1	1	1	1
42	1	1	1	1
43	1	1	1	1
44	1	1	1	1
45	1	1	1	1
46	1	1	1	1
47	1	1	1	1
48	1	1	1	1
49	1	1	1	1
50	1	1	1	1
51	1	1	1	1
52	1	1	1	1
53	1	1	1	1
54	1	1	1	1
55	1	1	1	1
56	1	1	1	1
57	1	1	1	1
58	1	1	1	1
59	1	1	1	1
60	1	1	1	1
61	1	1	1	1
62	1	1	1	1
63	1	1	1	1
64	1	1	1	1
65	1	1	1	1
66	1	1	1	1
67	1	1	1	1
68	1	1	1	1
69	1	1	1	1
70	1	1	1	1
71	1	1	1	1
72	1	1	1	1
73	1	1	1	1
74	1	1	1	1
75	1	1	1	1
76	1	1	1	1
77	1	1	1	1
78	1	1	1	1
79	1	1	1	1
80	1	1	1	1
81	1	1	1	1
82	1	1	1	1
83	1	1	1	1
84	1	1	1	1
85	1	1	1	1
86	1	1	1	1
87	1	1	1	1
88	1	1	1	1
89	1	1	1	1
90	1	1	1	1
91	1	1	1	1
92	1	1	1	1
93	1	1	1	1
94	1	1	1	1
95	1	1	1	1
96	1	1	1	1
97	1	1	1	1
98	1	1	1	1
99	1	1	1	1
100	1	1	1	1
101	1	1	1	1
102	1	1	1	1
103	1	1	1	1
104	1	1	1	1
105	1	1	1	1
106	1	1	1	1
107	1	1	1	1
108	1	1	1	1
109	1	1	1	1
110	1	1	1	1
111	1	1	1	1
112	1	1	1	1
113	1	1	1	1
114	1	1	1	1
115	1	1	1	1
116	1	1	1	1
117	1	1	1	1
118	1	1	1	1
119	1	1	1	1
120	1	1	1	1
121	1	1	1	1
122	1	1	1	1
123	1	1	1	1
124	1	1	1	1
125	1	1	1	1
126	1	1	1	1
127	1	1	1	1
128	1	1	1	1
129	1	1	1	1
130	1	1	1	1
131	1	1	1	1
132	1	1	1	1
133	1	1	1	1
134	1	1	1	1
135	1	1	1	1
136	1	1	1	1
137	1	1	1	1
138	1	1	1	1
139	1	1	1	1
140	1	1	1	1
141	1	1	1	1
142	1	1	1	1
143	1	1	1	1
144	1	1	1	1
145	1	1	1	1
146	1	1	1	1
147	1	1	1	1
148	1	1	1	1
149	1	1	1	1
150	1	1	1	1
151	1	1	1	1
152	1	1	1	1
153	1	1	1	1
154	1	1	1	1
155	1	1	1	1
156	1	1	1	1
157	1	1	1	1
158	1	1	1	1
159	1	1	1	1
160	1	1	1	1
161	1	1	1	1
162	1	1	1	1
163	1	1	1	1
164	1	1	1	1
165	1	1	1	1
166	1	1	1	1
167	1	1	1	1
168	1	1	1	1
169	1	1	1	1
170	1.003741657	1.003741657	1.003741657	1.003741657
171	1.011224972	1.011224972	1.011224972	1.011224972
172	1.022449944	1.022449944	1.022449944	1.022449944
173	1.037416574	1.037416574	1.037416574	1.037416574
174	1.056124861	1.056124861	1.056124861	1.056124861
175	1.078574805	1.078574805	1.078574805	1.078574805
176	1.099208501	1.099208501	1.099208501	1.099208501
177	1.118025949	1.118025949	1.118025949	1.118025949
178	1.13502715	1.13502715	1.13502715	1.13502715
179	1.150212103	1.150212103	1.150212103	1.150212103
180	1.163580807	1.163580807	1.163580807	1.163580807
181	1.175133264	1.175133264	1.175133264	1.175133264
182	1.186351624	1.186351624	1.186351624	1.186351624
183	1.197235887	1.197235887	1.197235887	1.197235887
184	1.207786052	1.207786052	1.207786052	1.207786052
185	1.218002121	1.218002121	1.218002121	1.218002121
186	1.227884092	1.227884092	1.227884092	1.227884092
187	1.237431967	1.237431967	1.237431967	1.237431967
188	1.245388529	1.245388529	1.245388529	1.245388529
189	1.253547739	1.253547739	1.253547739	1.253547739
190	1.261909597	1.261909597	1.261909597	1.261909597
191	1.270474103	1.270474103	1.270474103	1.270474103
192	1.279241257	1.279241257	1.279241257	1.279241257
193	1.28821106	1.28821106	1.28821106	1.28821106
194	1.298974823	1.298974823	1.298974823	1.298974823
195	1.30943348	1.30943348	1.30943348	1.30943348
196	1.319587031	1.319587031	1.319587031	1.319587031
197	1.329435476	1.329435476	1.329435476	1.329435476
198	1.338978815	1.338978815	1.338978815	1.338978815
199	1.348217048	1.348217048	1.348217048	1.348217048
200	1.357150175	1.357150175	1.357150175	1.357150175
201	1.364594448	1.364594448	1.364594448	1.364594448
202	1.372235422	1.372235422	1.372235422	1.372235422
203	1.380073097	1.380073097	1.380073097	1.380073097
204	1.388107473	1.388107473	1.388107473	1.388107473
205	1.396338551	1.396338551	1.396338551	1.396338551
206	1.40476633	1.40476633	1.40476633	1.40476633
207	1.414879665	1.414879665	1.414879665	1.414879665
208	1.42471232	1.42471232	1.42471232	1.42471232
209	1.434264296	1.434264296	1.434264296	1.434264296
210	1.443535592	1.443535592	1.443535592	1.443535592
211	1.452526209	1.452526209	1.452526209	1.452526209
212	1.461236146	1.461236146	1.461236146	1.461236146
213	1.469665404	1.469665404	1.469665404	1.469665404
214	1.476689785	1.476689785	1.476689785	1.476689785
215	1.483906612	1.483906612	1.483906612	1.483906612
216	1.491315883	1.491315883	1.491315883	1.491315883
217	1.4989176	1.4989176	1.4989176	1.4989176
218	1.506711761	1.506711761	1.506711761	1.506711761
219	1.514698368	1.514698368	1.514698368	1.514698368
220	1.524282296	1.524282296	1.524282296	1.524282296
221	1.533605971	1.533605971	1.533605971	1.533605971
222	1.542669394	1.542669394	1.542669394	1.542669394
223	1.551472565	1.551472565	1.551472565	1.551472565
224	1.560015483	1.560015483	1.560015483	1.560015483
225	1.568298149	1.568298149	1.568298149	1.568298149
226	1.576320562	1.576320562	1.576320562	1.576320562
227	1.583005907	1.583005907	1.583005907	1.583005907
228	1.589880915	1.589880915	1.589880915	1.589880915
229	1.596945587	1.596945587	1.596945587	1.596945587
230	1.604199923	1.604199923	1.604199923	1.604199923
231	1.611643923	1.611643923	1.611643923	1.611643923
232	1.619277587	1.619277587	1.619277587	1.619277587
233	1.628437983	1.628437983	1.628437983	1.628437983
234	1.637355052	1.637355052	1.637355052	1.637355052
235	1.646028794	1.646028794	1.646028794	1.646028794
236	1.654459208	1.654459208	1.654459208	1.654459208
237	1.662646294	1.662646294	1.662646294	1.662646294
238	1.670590054	1.670590054	1.670590054	1.670590054
239	1.678290485	1.678290485	1.678290485	1.678290485
240	1.684707512	1.684707512	1.684707512	1.684707512
241	1.691312707	1.691312707	1.691312707	1.691312707
242	1.698106073	1.698106073	1.698106073	1.698106073
243	1.705087607	1.705087607	1.705087607	1.705087607
244	1.712257311	1.712257311	1.712257311	1.712257311
245	1.719615184	1.719615184	1.719615184	1.719615184
246	1.728444632	1.728444632	1.728444632	1.728444632
247	1.737044613	1.737044613	1.737044613	1.737044613
248	1.745415125	1.745415125	1.745415125	1.745415125
249	1.75355617	1.75355617	1.75355617	1.75355617
250	1.761467747	1.761467747	1.761467747	1.761467747
251	1.769149857	1.769149857	1.769149857	1.769149857
252	1.776602498	1.776602498	1.776602498	1.776602498
253	1.782813033	1.782813033	1.782813033	1.782813033
254	1.789211365	1.789211365	1.789211365	1.789211365
255	1.795797494	1.795797494	1.795797494	1.795797494
256	1.802571419	1.802571419	1.802571419	1.802571419
257	1.809533142	1.809533142	1.809533142	1.809533142
258	1.816682662	1.816682662	1.816682662	1.816682662
259	1.825262086	1.825262086	1.825262086	1.825262086
260	1.833623221	1.833623221	1.833623221	1.833623221
261	1.841766066	1.841766066	1.841766066	1.841766066
262	1.849690622	1.849690622	1.849690622	1.849690622
263	1.857396889	1.857396889	1.857396889	1.857396889
264	1.864884867	1.864884867	1.864884867	1.864884867
265	1.872154555	1.872154555	1.872154555	1.872154555
266	1.878212628	1.878212628	1.878212628	1.878212628
267	1.884459105	1.884459105	1.884459105	1.884459105
268	1.890893985	1.890893985	1.890893985	1.890893985
269	1.897517268	1.897517268	1.897517268	1.897517268
270	1.904328954	1.904328954	1.904328954	1.904328954
271	1.911329044	1.911329044	1.911329044	1.911329044
272	1.919729151	1.919729151	1.919729151	1.919729151
273	1.927919804	1.927919804	1.927919804	1.927919804
274	1.935901001	1.935901001	1.935901001	1.935901001
275	1.943672743	1.943672743	1.943672743	1.943672743
276	1.951235029	1.951235029	1.951235029	1.951235029
277	1.95858786	1.95858786	1.95858786	1.95858786
278	1.965731237	1.965731237	1.965731237	1.965731237
279	1.97168405	1.97168405	1.97168405	1.97168405
280	1.977826726	1.977826726	1.977826726	1.977826726
281	1.984159265	1.984159265	1.984159265	1.984159265
282	1.990681666	1.990681666	1.990681666	1.990681666
283	1.99739393	1.99739393	1.99739393	1.99739393
284	2.004296057	2.004296057	2.004296057	2.004296057
285	2.012578609	2.012578609	2.012578609	2.012578609
286	2.020658492	2.020658492	2.020658492	2.020658492
287	2.028535704	2.028535704	2.028535704	2.028535704
288	2.036210246	2.036210246	2.036210246	2.036210246
289	2.043682119	2.043682119	2.043682119	2.043682119
290	2.050951321	2.050951321	2.050951321	2.050951321
291	2.058017853	2.058017853	2.058017853	2.058017853
292	2.06390663	2.06390663	2.06390663	2.06390663
293	2.069987474	2.069987474	2.069987474	2.069987474
294	2.076260384	2.076260384	2.076260384	2.076260384
295	2.08272536	2.08272536	2.08272536	2.08272536
296	2.089382403	2.089382403	2.089382403	2.089382403
297	2.096231512	2.096231512	2.096231512	2.096231512
298	2.104450443	2.104450443	2.104450443	2.104450443
299	2.1124717	2.1124717	2.1124717	2.1124717
300	2.120295282	2.120295282	2.120295282	2.120295282
301	2.12792119	2.12792119	2.12792119	2.12792119
302	2.135349424	2.135349424	2.135349424	2.135349424
303	2.142579983	2.142579983	2.142579983	2.142579983
304	2.149612867	2.149612867	2.149612867	2.149612867
305	2.155473604	2.155473604	2.155473604	2.155473604
306	2.161529261	2.161529261	2.161529261	2.161529261
307	2.167275971	2.167275971	2.167275971	2.167275971
308	2.17221399	2.17221399	2.17221399	2.17221399
309	2.175847665	2.175847665	2.175847665	2.175847665
310	2.177685399	2.177685399	2.177685399	2.177685399
311	2.178411767	2.178411767	2.178411767	2.178411767
312	2.174809049	2.174809049	2.174809049	2.174809049
313	2.167405356	2.167405356	2.167405356	2.167405356
314	2.156724472	2.156724472	2.156724472	2.156724472
315	2.143702065	2.143702065	2.143702065	2.143702065
316	2.130758289	2.130758289	2.130758289	2.130758289
317	2.117892668	2.117892668	2.117892668	2.117892668
318	2.10510473	2.10510473	2.10510473	2.10510473
319	2.092394007	2.092394007	2.092394007	2.092394007
320	2.079760031	2.079760031	2.079760031	2.079760031
321	2.06720234	2.06720234	2.06720234	2.06720234
322	2.054720473	2.054720473	2.054720473	2.054720473
323	2.042313972	2.042313972	2.042313972	2.042313972
324	2.029982382	2.029982382	2.029982382	2.029982382
325	2.01772525	2.01772525	2.01772525	2.01772525
326	2.005542128	2.005542128	2.005542128	2.005542128
327	1.993432568	1.993432568	1.993432568	1.993432568
328	1.981396127	1.981396127	1.981396127	1.981396127
329	1.969432361	1.969432361	1.969432361	1.969432361
330	1.957540834	1.957540834	1.957540834	1.957540834
331	1.945721108	1.945721108	1.945721108	1.945721108
332	1.933972751	1.933972751	1.933972751	1.933972751
333	1.92229533	1.92229533	1.92229533	1.92229533
334	1.910688419	1.910688419	1.910688419	1.910688419
335	1.89915159	1.89915159	1.89915159	1.89915159
336	1.887684421	1.887684421	1.887684421	1.887684421
337	1.876286492	1.876286492	1.876286492	1.876286492
338	1.864957384	1.864957384	1.864957384	1.864957384
339	1.853696681	1.853696681	1.853696681	1.853696681
340	1.842503972	1.842503972	1.842503972	1.842503972
341	1.831378844	1.831378844	1.831378844	1.831378844
342	1.82032089	1.82032089	1.82032089	1.82032089
343	1.809329705	1.809329705	1.809329705	1.809329705
344	1.798404886	1.798404886	1.798404886	1.798404886
345	1.78754603	1.78754603	1.78754603	1.78754603
346	1.776752741	1.776752741	1.776752741	1.776752741
347	1.766024623	1.766024623	1.766024623	1.766024623
348	1.755361281	1.755361281	1.755361281	1.755361281
349	1.756311515	1.756311515	1.756311515	1.756311515
350	1.763469672	1.763469672	1.763469672	1.763469672
351	1.771336958	1.771336958	1.771336958	1.771336958
352	1.779913374	1.779913374	1.779913374	1.779913374
353	1.790205073	1.790205073	1.790205073	1.790205073
354	1.800209824	1.800209824	1.800209824	1.800209824
355	1.809927627	1.809927627	1.809927627	1.809927627
356	1.819358483	1.819358483	1.819358483	1.819358483
357	1.82850239	1.82850239	1.82850239	1.82850239
358	1.838292104	1.838292104	1.838292104	1.838292104
359	1.848727623	1.848727623	1.848727623	1.848727623
360	1.858667561	1.858667561	1.858667561	1.858667561
361	1.868111917	1.868111917	1.868111917	1.868111917
362	1.877060692	1.877060692	1.877060692	1.877060692
363	1.885513886	1.885513886	1.885513886	1.885513886
364	1.8929786	1.8929786	1.8929786	1.8929786
365	1.899454834	1.899454834	1.899454834	1.899454834
366	1.906370924	1.906370924	1.906370924	1.906370924
367	1.91372687	1.91372687	1.91372687	1.91372687
368	1.921522672	1.921522672	1.921522672	1.921522672
369	1.92975833	1.92975833	1.92975833	1.92975833
370	1.936621378	1.936621378	1.936621378	1.936621378
371	1.943677036	1.943677036	1.943677036	1.943677036
372	1.950925306	1.950925306	1.950925306	1.950925306
373	1.958366186	1.958366186	1.958366186	1.958366186
374	1.965999677	1.965999677	1.965999677	1.965999677
375	1.973825779	1.973825779	1.973825779	1.973825779
376	1.983217101	1.983217101	1.983217101	1.983217101
377	1.992357491	1.992357491	1.992357491	1.992357491
378	2.001246948	2.001246948	2.001246948	2.001246948
379	2.009885472	2.009885472	2.009885472	2.009885472
380	2.018273065	2.018273065	2.018273065	2.018273065
381	2.026409724	2.026409724	2.026409724	2.026409724
382	2.034295451	2.034295451	2.034295451	2.034295451
383	2.040866891	2.040866891	2.040866891	2.040866891
384	2.047629688	2.047629688	2.047629688	2.047629688
385	2.054583842	2.054583842	2.054583842	2.054583842
386	2.061729354	2.061729354	2.061729354	2.061729354
387	2.069066223	2.069066223	2.069066223	2.069066223
388	2.07659445	2.07659445	2.07659445	2.07659445
389	2.085628322	2.085628322	2.085628322	2.085628322
390	2.09442655	2.09442655	2.09442655	2.09442655
391	2.102989136	2.102989136	2.102989136	2.102989136
392	2.111316078	2.111316078	2.111316078	2.111316078
393	2.119407376	2.119407376	2.119407376	2.119407376
394	2.127263031	2.127263031	2.127263031	2.127263031
395	2.134883043	2.134883043	2.134883043	2.134883043
396	2.141233053	2.141233053	2.141233053	2.141233053
397	2.147774397	2.147774397	2.147774397	2.147774397
398	2.154507076	2.154507076	2.154507076	2.154507076
399	2.161431089	2.161431089	2.161431089	2.161431089
400	2.168546437	2.168546437	2.168546437	2.168546437
401	2.17585312	2.17585312	2.17585312	2.17585312
402	2.184621139	2.184621139	2.184621139	2.184621139
403	2.193165733	2.193165733	2.193165733	2.193165733
404	2.201486901	2.201486901	2.201486901	2.201486901
405	2.209584644	2.209584644	2.209584644	2.209584644
406	2.217458962	2.217458962	2.217458962	2.217458962
407	2.225109855	2.225109855	2.225109855	2.225109855
408	2.232537322	2.232537322	2.232537322	2.232537322
409	2.238726878	2.238726878	2.238726878	2.238726878
410	2.245108809	2.245108809	2.245108809	2.245108809
411	2.251683116	2.251683116	2.251683116	2.251683116
412	2.258449798	2.258449798	2.258449798	2.258449798
413	2.265408855	2.265408855	2.265408855	2.265408855
414	2.272560287	2.272560287	2.272560287	2.272560287
415	2.281142006	2.281142006	2.281142006	2.281142006
416	2.289509846	2.289509846	2.289509846	2.289509846
417	2.297663808	2.297663808	2.297663808	2.297663808
418	2.305603891	2.305603891	2.305603891	2.305603891
419	2.313330095	2.313330095	2.313330095	2.313330095
420	2.320842421	2.320842421	2.320842421	2.320842421
421	2.328140868	2.328140868	2.328140868	2.328140868
422	2.334222908	2.334222908	2.334222908	2.334222908
423	2.340499282	2.340499282	2.340499282	2.340499282
424	2.346969991	2.346969991	2.346969991	2.346969991
425	2.353635035	2.353635035	2.353635035	2.353635035
426	2.360494414	2.360494414	2.360494414	2.360494414
427	2.367548129	2.367548129	2.367548129	2.367548129
428	2.376012585	2.376012585	2.376012585	2.376012585
429	2.384270388	2.384270388	2.384270388	2.384270388
430	2.392321538	2.392321538	2.392321538	2.392321538
431	2.400166033	2.400166033	2.400166033	2.400166033
432	2.407803875	2.407803875	2.407803875	2.407803875
433	2.415235063	2.415235063	2.415235063	2.415235063
434	2.422459597	2.422459597	2.422459597	2.422459597
435	2.428480042	2.428480042	2.428480042	2.428480042
436	2.434697575	2.434697575	2.434697575	2.434697575
437	2.441112196	2.441112196	2.441112196	2.441112196
438	2.447723905	2.447723905	2.447723905	2.447723905
439	2.454532703	2.454532703	2.454532703	2.454532703
440	2.461538588	2.461538588	2.461538588	2.461538588
441	2.46994565	2.46994565	2.46994565	2.46994565
442	2.476951536	2.476951536	2.476951536	2.476951536
443	2.483955929	2.483955929	2.483955929	2.483955929
444	2.490958831	2.490958831	2.490958831	2.490958831
445	2.497960241	2.497960241	2.497960241	2.497960241
446	2.504960159	2.504960159	2.504960159	2.504960159
447	2.511958585	2.511958585	2.511958585	2.511958585
448	2.520356697	2.520356697	2.520356697	2.520356697
449	2.527355123	2.527355123	2.527355123	2.527355123
450	2.534354375	2.534354375	2.534354375	2.534354375
451	2.541354452	2.541354452	2.541354452	2.541354452
452	2.548355355	2.548355355	2.548355355	2.548355355
453	2.555357084	2.555357084	2.555357084	2.555357084
454	2.562359639	2.562359639	2.562359639	2.562359639
455	2.570762704	2.570762704	2.570762704	2.570762704
456	2.578967984	2.578967984	2.578967984	2.578967984
457	2.586975477	2.586975477	2.586975477	2.586975477
458	2.594785185	2.594785185	2.594785185	2.594785185
459	2.602397107	2.602397107	2.602397107	2.602397107
460	2.609811243	2.609811243	2.609811243	2.609811243
461	2.617027594	2.617027594	2.617027594	2.617027594
462	2.623041219	2.623041219	2.623041219	2.623041219
463	2.629259731	2.629259731	2.629259731	2.629259731
464	2.63568313	2.63568313	2.63568313	2.63568313
465	2.642311416	2.642311416	2.642311416	2.642311416
466	2.649144589	2.649144589	2.649144589	2.649144589
467	2.656182648	2.656182648	2.656182648	2.656182648
468	2.66462832	2.66462832	2.66462832	2.66462832
469	2.672878039	2.672878039	2.672878039	2.672878039
470	2.680931808	2.680931808	2.680931808	2.680931808
471	2.688789624	2.688789624	2.688789624	2.688789624
472	2.696451489	2.696451489	2.696451489	2.696451489
473	2.703917403	2.703917403	2.703917403	2.703917403
474	2.711187365	2.711187365	2.711187365	2.711187365
475	2.717245666	2.717245666	2.717245666	2.717245666
476	2.72351343	2.72351343	2.72351343	2.72351343
477	2.729990655	2.729990655	2.729990655	2.729990655
478	2.736677342	2.736677342	2.736677342	2.736677342
479	2.743573491	2.743573491	2.743573491	2.743573491
480	2.750679102	2.750679102	2.750679102	2.750679102
481	2.760226724	2.760226724	2.760226724	2.760226724
482	2.769374113	2.769374113	2.769374113	2.769374113
483	2.77812127	2.77812127	2.77812127	2.77812127
484	2.786468194	2.786468194	2.786468194	2.786468194
485	2.794414885	2.794414885	2.794414885	2.794414885
486	2.801961343	2.801961343	2.801961343	2.801961343
487	2.80706579	2.80706579	2.80706579	2.80706579
488	2.81258788	2.81258788	2.81258788	2.81258788
489	2.818527613	2.818527613	2.818527613	2.818527613
490	2.824884989	2.824884989	2.824884989	2.824884989
491	2.831660008	2.831660008	2.831660008	2.831660008
492	2.83885267	2.83885267	2.83885267	2.83885267
493	2.847483865	2.847483865	2.847483865	2.847483865
494	2.855919134	2.855919134	2.855919134	2.855919134
495	2.864158478	2.864158478	2.864158478	2.864158478
496	2.872201897	2.872201897	2.872201897	2.872201897
497	2.88004939	2.88004939	2.88004939	2.88004939
498	2.887700958	2.887700958	2.887700958	2.887700958
499	2.895156601	2.895156601	2.895156601	2.895156601
500	2.901369637	2.901369637	2.901369637	2.901369637
501	2.907802104	2.907802104	2.907802104	2.907802104
502	2.914454004	2.914454004	2.914454004	2.914454004
503	2.921325335	2.921325335	2.921325335	2.921325335
504	2.928416099	2.928416099	2.928416099	2.928416099
505	2.935726295	2.935726295	2.935726295	2.935726295
506	2.918000238	2.918000238	2.918000238	2.918000238
507	2.900381212	2.900381212	2.900381212	2.900381212
508	2.882868571	2.882868571	2.882868571	2.882868571
509	2.865461672	2.865461672	2.865461672	2.865461672
510	2.848159876	2.848159876	2.848159876	2.848159876
511	2.83096255	2.83096255	2.83096255	2.83096255
512	2.813869062	2.813869062	2.813869062	2.813869062
513	2.796878785	2.796878785	2.796878785	2.796878785
514	2.779991097	2.779991097	2.779991097	2.779991097
515	2.763205377	2.763205377	2.763205377	2.763205377
516	2.74652101	2.74652101	2.74652101	2.74652101
517	2.729937384	2.729937384	2.729937384	2.729937384
518	2.71345389	2.71345389	2.71345389	2.71345389
519	2.697069925	2.697069925	2.697069925	2.697069925
520	2.680784887	2.680784887	2.680784887	2.680784887
521	2.664598179	2.664598179	2.664598179	2.664598179
522	2.648509207	2.648509207	2.648509207	2.648509207
523	2.632517381	2.632517381	2.632517381	2.632517381
524	2.616622114	2.616622114	2.616622114	2.616622114
525	2.600822824	2.600822824	2.600822824	2.600822824
526	2.585118931	2.585118931	2.585118931	2.585118931
527	2.569509858	2.569509858	2.569509858	2.569509858
528	2.553995034	2.553995034	2.553995034	2.553995034
529	2.538573889	2.538573889	2.538573889	2.538573889
530	2.523245858	2.523245858	2.523245858	2.523245858
531	2.508010378	2.508010378	2.508010378	2.508010378
532	2.492866891	2.492866891	2.492866891	2.492866891
533	2.477814841	2.477814841	2.477814841	2.477814841
534	2.462853675	2.462853675	2.462853675	2.462853675
535	2.447982846	2.447982846	2.447982846	2.447982846
536	2.433201808	2.433201808	2.433201808	2.433201808
537	2.418510019	2.418510019	2.418510019	2.418510019
538	2.403906939	2.403906939	2.403906939	2.403906939
539	2.389392033	2.389392033	2.389392033	2.389392033
540	2.374964769	2.374964769	2.374964769	2.374964769
541	2.360624617	2.360624617	2.360624617	2.360624617
542	2.346371052	2.346371052	2.346371052	2.346371052
543	2.332203551	2.332203551	2.332203551	2.332203551
544	2.318121594	2.318121594	2.318121594	2.318121594
545	2.304124664	2.304124664	2.304124664	2.304124664
546	2.290212249	2.290212249	2.290212249	2.290212249
547	2.276383837	2.276383837	2.276383837	2.276383837
548	2.262638922	2.262638922	2.262638922	2.262638922
549	2.248976999	2.248976999	2.248976999	2.248976999
550	2.235397568	2.235397568	2.235397568	2.235397568
551	2.22190013	2.22190013	2.22190013	2.22190013
552	2.20848419	2.20848419	2.20848419	2.20848419
553	2.195149256	2.195149256	2.195149256	2.195149256
554	2.181894839	2.181894839	2.181894839	2.181894839
555	2.168720453	2.168720453	2.168720453	2.168720453
556	2.155625615	2.155625615	2.155625615	2.155625615
557	2.142609844	2.142609844	2.142609844	2.142609844
558	2.129672662	2.129672662	2.129672662	2.129672662
559	2.116813596	2.116813596	2.116813596	2.116813596
560	2.104032174	2.104032174	2.104032174	2.104032174
561	2.091327926	2.091327926	2.091327926	2.091327926
562	2.078700388	2.078700388	2.078700388	2.078700388
563	2.066149095	2.066149095	2.066149095	2.066149095
564	2.053673587	2.053673587	2.053673587	2.053673587
565	2.041273407	2.041273407	2.041273407	2.041273407
566	2.0289481	2.0289481	2.0289481	2.0289481
567	2.016697214	2.016697214	2.016697214	2.016697214
568	2.004520299	2.004520299	2.004520299	2.004520299
569	1.992416909	1.992416909	1.992416909	1.992416909
570	1.9803866	1.9803866	1.9803866	1.9803866
571	1.96842893	1.96842893	1.96842893	1.96842893
572	1.956543462	1.956543462	1.956543462	1.956543462
573	1.944729758	1.944729758	1.944729758	1.944729758
574	1.932987386	1.932987386	1.932987386	1.932987386
575	1.921315916	1.921315916	1.921315916	1.921315916
576	1.909714918	1.909714918	1.909714918	1.909714918
577	1.898183967	1.898183967	1.898183967	1.898183967
578	1.886722641	1.886722641	1.886722641	1.886722641
579	1.875330519	1.875330519	1.875330519	1.875330519
580	1.864007183	1.864007183	1.864007183	1.864007183
581	1.852752218	1.852752218	1.852752218	1.852752218
582	1.841565211	1.841565211	1.841565211	1.841565211
583	1.830445752	1.830445752	1.830445752	1.830445752
584	1.819393432	1.819393432	1.819393432	1.819393432
585	1.808407847	1.808407847	1.808407847	1.808407847
586	1.797488593	1.797488593	1.797488593	1.797488593
587	1.786635271	1.786635271	1.786635271	1.786635271
588	1.775847481	1.775847481	1.775847481	1.775847481
589	1.765124829	1.765124829	1.765124829	1.765124829
590	1.75446692	1.75446692	1.75446692	1.75446692
591	1.743873364	1.743873364	1.743873364	1.743873364
592	1.733343773	1.733343773	1.733343773	1.733343773
593	1.72287776	1.72287776	1.72287776	1.72287776
594	1.712474941	1.712474941	1.712474941	1.712474941
595	1.702134935	1.702134935	1.702134935	1.702134935
596	1.691857362	1.691857362	1.691857362	1.691857362
597	1.681641846	1.681641846	1.681641846	1.681641846
598	1.671488012	1.671488012	1.671488012	1.671488012
599	1.661395487	1.661395487	1.661395487	1.661395487
600	1.651363901	1.651363901	1.651363901	1.651363901
601	1.641392886	1.641392886	1.641392886	1.641392886
602	1.631482077	1.631482077	1.631482077	1.631482077
603	1.62163111	1.62163111	1.62163111	1.62163111
604	1.611839623	1.611839623	1.611839623	1.611839623
605	1.602107258	1.602107258	1.602107258	1.602107258
606	1.592433657	1.592433657	1.592433657	1.592433657
607	1.582818466	1.582818466	1.582818466	1.582818466
608	1.573261332	1.573261332	1.573261332	1.573261332
609	1.563761904	1.563761904	1.563761904	1.563761904
610	1.554319835	1.554319835	1.554319835	1.554319835
611	1.544934777	1.544934777	1.544934777	1.544934777
612	1.535606386	1.535606386	1.535606386	1.535606386
613	1.526334321	1.526334321	1.526334321	1.526334321
614	1.517118241	1.517118241	1.517118241	1.517118241
615	1.507957808	1.507957808	1.507957808	1.507957808
616	1.498852686	1.498852686	1.498852686	1.498852686
617	1.489802542	1.489802542	1.489802542	1.489802542
618	1.480807042	1.480807042	1.480807042	1.480807042
619	1.471865858	1.471865858	1.471865858	1.471865858
620	1.462978661	1.462978661	1.462978661	1.462978661
621	1.454145126	1.454145126	1.454145126	1.454145126
622	1.445364928	1.445364928	1.445364928	1.445364928
623	1.436637745	1.436637745	1.436637745	1.436637745
624	1.427963257	1.427963257	1.427963257	1.427963257
625	1.419341146	1.419341146	1.419341146	1.419341146
626	1.410771096	1.410771096	1.410771096	1.410771096
627	1.402252792	1.402252792	1.402252792	1.402252792
628	1.393785922	1.393785922	1.393785922	1.393785922
629	1.385370176	1.385370176	1.385370176	1.385370176
630	1.377005244	1.377005244	1.377005244	1.377005244
631	1.36869082	1.36869082	1.36869082	1.36869082
632	1.360426599	1.360426599	1.360426599	1.360426599
633	1.352212278	1.352212278	1.352212278	1.352212278
634	1.344047555	1.344047555	1.344047555	1.344047555
635	1.335932131	1.335932131	1.335932131	1.335932131
636	1.327865709	1.327865709	1.327865709	1.327865709
637	1.319847992	1.319847992	1.319847992	1.319847992
638	1.311878686	1.311878686	1.311878686	1.311878686
639	1.303957499	1.303957499	1.303957499	1.303957499
640	1.296084141	1.296084141	1.296084141	1.296084141
641	1.288258323	1.288258323	1.288258323	1.288258323
642	1.280479757	1.280479757	1.280479757	1.280479757
643	1.272748159	1.272748159	1.272748159	1.272748159
644	1.265063244	1.265063244	1.265063244	1.265063244
645	1.257424731	1.257424731	1.257424731	1.257424731
646	1.24983234	1.24983234	1.24983234	1.24983234
647	1.242285793	1.242285793	1.242285793	1.242285793
648	1.234784811	1.234784811	1.234784811	1.234784811
649	1.227329121	1.227329121	1.227329121	1.227329121
650	1.219918449	1.219918449	1.219918449	1.219918449
651	1.212552523	1.212552523	1.212552523	1.212552523
652	1.205231072	1.205231072	1.205231072	1.205231072
653	1.197953829	1.197953829	1.197953829	1.197953829
654	1.190720526	1.190720526	1.190720526	1.190720526
655	1.183530898	1.183530898	1.183530898	1.183530898
656	1.176384682	1.176384682	1.176384682	1.176384682
657	1.169281614	1.169281614	1.169281614	1.169281614
658	1.162221436	1.162221436	1.162221436	1.162221436
659	1.155203887	1.155203887	1.155203887	1.155203887
660	1.14822871	1.14822871	1.14822871	1.14822871
661	1.14129565	1.14129565	1.14129565	1.14129565
662	1.134404452	1.134404452	1.134404452	1.134404452
663	1.127554863	1.127554863	1.127554863	1.127554863
664	1.120746633	1.120746633	1.120746633	1.120746633
665	1.113979511	1.113979511	1.113979511	1.113979511
666	1.107253249	1.107253249	1.107253249	1.107253249
667	1.1005676	1.1005676	1.1005676	1.1005676
668	1.09392232	1.09392232	1.09392232	1.09392232
669	1.087317165	1.087317165	1.087317165	1.087317165
670	1.080751891	1.080751891	1.080751891	1.080751891
671	1.074226259	1.074226259	1.074226259	1.074226259
672	1.06774003	1.06774003	1.06774003	1.06774003
673	1.061292964	1.061292964	1.061292964	1.061292964
674	1.054884826	1.054884826	1.054884826	1.054884826
675	1.048515381	1.048515381	1.048515381	1.048515381
676	1.042184394	1.042184394	1.042184394	1.042184394
677	1.035891635	1.035891635	1.035891635	1.035891635
678	1.029636871	1.029636871	1.029636871	1.029636871
679	1.023419874	1.023419874	1.023419874	1.023419874
680	1.017240416	1.017240416	1.017240416	1.017240416
681	1.011098269	1.011098269	1.011098269	1.011098269
682	1.004993209	1.004993209	1.004993209	1.004993209
683	1	1	1	1
684	1	1	1	1
685	1	1	1	1
686	1	1	1	1
687	1	1	1	1
688	1	1	1	1
689	1	1	1	1
690	1	1	1	1
691	1	1	1	1
692	1	1	1	1
693	1	1	1	1
694	1	1	1	1
695	1	1	1	1
696	1	1	1	1
697	1	1	1	1
698	1	1	1	1
699	1	1	1	1
700	1	1	1	1
701	1	1	1	1
702	1	1	1	1
703	1	1	1	1
704	1	1	1	1
705	1	1	1	1
706	1	1	1	1
707	1	1	1	1
708	1	1	1	1
709	1	1	1	1
710	1	1	1	1
711	1	1	1	1
712	1	1	1	1
713	1	1	1	1
714	1	1	1	1
715	1	1	1	1
716	1	1	1	1
717	1	1	1	1
718	1	1	1	1
719	1	1	1	1
720	1	1	1	1
721	1	1	1	1
722	1	1	1	1
723	1	1	1	1
724	1	1	1	1
725	1	1	1	1
726	1	1	1	1
727	1	1	1	1
728	1	1	1	1
729	1	1	1	1
730	1	1	1	1
731	1	1	1	1
732	1	1	1	1
733	1	1	1	1
734	1	1	1	1
735	1	1	1	1
736	1	1	1	1
737	1	1	1	1
738	1	1	1	1
739	1	1	1	1
740	1	1	1	1
741	1	1	1	1
742	1	1	1	1
743	1	1	1	1
744	1	1	1	1
745	1	1	1	1
746	1	1	1	1
747	1	1	1	1
748	1	1	1	1
749	1	1	1	1
750	1	1	1	1
751	1	1	1	1
752	1	1	1	1
753	1	1	1	1
754	1	1	1	1
755	1	1	1	1
756	1	1	1	1
757	1	1	1	1
758	1	1	1	1
759	1	1	1	1
760	1	1	1	1
761	1	1	1	1
762	1	1	1	1
763	1	1	1	1
764	1	1	1	1
765	1	1	1	1
766	1	1	1	1
767	1	1	1	1
768	1	1	1	1
769	1	1	1	1
770	1	1	1	1
771	1	1	1	1
772	1	1	1	1
773	1	1	1	1
774	1	1	1	1
775	1	1	1	1
776	1	1	1	1
777	1	1	1	1
778	1	1	1	1
779	1	1	1	1
780	1	1	1	1
781	1	1	1	1
782	1	1	1	1
783	1	1	1	1
784	1	1	1	1
785	1	1	1	1
786	1	1	1	1
787	1	1	1	1
788	1	1	1	1
789	1	1	1	1
790	1	1	1	1
791	1	1	1	1
792	1	1	1	1
793	1	1	1	1
794	1	1	1	1
795	1	1	1	1
796	1	1	1	1
797	1	1	1	1
798	1	1	1	1
799	1	1	1	1
800	1	1	1	1
801	1	1	1	1
802	1	1	1	1
803	1	1	1	1
804	1	1	1	1
805	1	1	1	1
806	1	1	1	1
807	1	1	1	1
808	1	1	1	1
809	1	1	1	1
810	1	1	1	1
811	1	1	1	1
812	1	1	1	1
813	1	1	1	1
814	1	1	1	1
815	1	1	1	1
816	1	1	1	1
817	1	1	1	1
818	1	1	1	1
819	1	1	1	1
820	1	1	1	1
821	1	1	1	1
822	1	1	1	1
823	1	1	1	1
824	1	1	1	1
825	1	1	1	1
826	1	1	1	1
827	1	1	1	1
828	1	1	1	1
829	1	1	1	1
830	1	1	1	1
831	1	1	1	1
832	1	1	1	1
833	1	1	1	1
834	1	1	1	1
835	1	1	1	1
836	1	1	1	1
837	1	1	1	1
838	1	1	1	1
839	1	1	1	1
840	1	1	1	1
841	1	1	1	1
842	1	1	1	1
843	1	1	1	1
844	1	1	1	1
845	1	1	1	1
846	1	1	1	1
847	1	1	1	1
848	1	1	1	1
849	1	1	1	1
850	1	1	1	1
851	1	1	1	1
852	1	1	1	1
853	1	1	1	1
854	1	1	1	1
855	1	1	1	1
856	1	1	1	1
857	1	1	1	1
858	1	1	1	1
859	1	1	1	1
860	1	1	1	1
861	1	1	1	1
862	1	1	1	1
863	1	1	1	1
864	1	1	1	1
865	1	1	1	1
866	1	1	1	1
867	1	1	1	1
868	1	1	1	1
869	1	1	1	1
870	1	1	1	1
871	1	1	1	1
872	1	1	1	1
873	1	1	1	1
874	1	1	1	1
875	1	1	1	1
876	1	1	1	1
877	1	1	1	1
878	1	1	1	1
879	1	1	1	1
880	1	1	1	1
881	1	1	1	1
882	1	1	1	1
883	1	1	1	1
884	1	1	1	1
885	1	1	1	1
886	1	1	1	1
887	1	1	1	1
888	1	1	1	1
889	1	1	1	1
890	1	1	1	1
891	1	1	1	1
892	1	1	1	1
893	1	1	1	1
894	1	1	1	1
895	1	1	1	1
896	1	1	1	1
897	1	1	1	1
898	1	1	1	1
899	1	1	1	1
900	1	1	1	1
901	1	1	1	1
902	1	1	1	1
903	1	1	1	1
904	1	1	1	1
905	1	1	1	1
906	1	1	1	1
907	1	1	1	1
908	1	1	1	1
909	1	1	1	1
910	1	1	1	1
911	1	1	1	1
912	1	1	1	1
913	1	1	1	1
914	1	1	1	1
915	1	1	1	1
916	1	1	1	1
917	1	1	1	1
918	1	1	1	1
919	1	1	1	1
920	1	1	1	1
921	1	1	1	1
922	1	1	1	1
923	1	1	1	1
924	1	1	1	1
925	1	1	1	1
926	1	1	1	1
927	1	1	1	1
928	1	1	1	1
929	1	1	1	1
930	1	1	1	1
931	1	1	1	1
932	1	1	1	1
933	1	1	1	1
934	1	1	1	1
935	1	1	1	1
936	1	1	1	1
937	1	1	1	1
938	1	1	1	1
939	1	1	1	1
940	1	1	1	1
941	1	1	1	1
942	1	1	1	1
943	1	1	1	1
944	1	1	1	1
945	1	1	1	1
946	1	1	1	1
947	1	1	1	1
948	1	1	1	1
949	1	1	1	1
950	1	1	1	1
951	1	1	1	1
952	1	1	1	1
953	1	1	1	1
954	1	1	1	1
955	1	1	1	1
956	1	1	1	1
957	1	1	1	1
958	1	1	1	1
959	1	1	1	1
960	1	1	1	1
961	1	1	1	1
962	1	1	1	1
963	1	1	1	1
964	1	1	1	1
965	1	1	1	1
966	1	1	1	1
967	1	1	1	1
968	1	1	1	1
969	1	1	1	1
970	1	1	1	1
971	1	1	1	1
972	1	1	1	1
973	1	1	1	1
974	1	1	1	1
975	1	1	1	1
976	1	1	1	1
977	1	1	1	1
978	1	1	1	1
979	1	1	1	1
980	1	1	1	1
981	1	1	1	1
982	1	1	1	1
983	1	1	1	1
984	1	1	1	1
985	1	1	1	1
986	1	1	1	1
987	1	1	1	1
988	1	1	1	1
989	1	1	1	1
990	1	1	1	1
991	1	1	1	1
992	1	1	1	1
993	1	1	1	1
994	1	1	1	1
995	1	1	1	1
996	1	1	1	1
997	1	1	1	1
998	1	1	1	1
999	1	1	1	1
1000	1	1	1	1
1001	1	1	1	1
1002	1	1	1	1
1003	1	1	1	1
1004	1	1	1	1
1005	1	1	1	1
1006	1	1	1	1
1007	1	1	1	1
1008	1	1	1	1
1009	1	1	1	1
1010	1	1	1	1
1011	1	1	1	1
1012	1	1	1	1
1013	1	1	1	1
1014	1	1	1	1
1015	1	1	1	1
1016	1	1	1	1
1017	1	1	1	1
1018	1	1	1	1
1019	1	1	1	1
1020	1	1	1	1
1021	1	1	1	1
1022	1	1	1	1
1023	1	1	1	1
1024	1	1	1	1
1025	1	1	1	1
1026	1	1	1	1
1027	1	1	1	1
1028	1	1	1	1
1029	1	1	1	1
1030	1	1	1	1
1031	1	1	1	1
1032	1	1	1	1
1033	1	1	1	1
1034	1	1	1	1
1035	1	1	1	1
1036	1	1	1	1
1037	1	1	1	1
1038	1	1	1	1
1039	1	1	1	1
1040	1	1	1	1
1041	1	1	1	1
1042	1	1	1	1
1043	1	1	1	1
1044	1	1	1	1
1045	1	1	1	1
1046	1	1	1	1
1047	1	1	1	1
1048	1	1	1	1
1049	1	1	1	1
1050	1	1	1	1
1051	1	1	1	1
1052	1	1	1	1
1053	1	1	1	1
1054	1	1	1	1
1055	1	1	1	1
1056	1	1	1	1
1057	1	1	1	1
1058	1	1	1	1
1059	1	1	1	1
1060	1	1	1	1
1061	1	1	1	1
1062	1	1	1	1
1063	1	1	1	1
1064	1	1	1	1
1065	1	1	1	1
1066	1	1	1	1
1067	1	1	1	1
1068	1	1	1	1
1069	1	1	1	1
1070	1	1	1	1
1071	1	1	1	1
1072	1	1	1	1
1073	1	1	1	1
1074	1	1	1	1
1075	1	1	1	1
1076	1	1	1	1
1077	1	1	1	1
1078	1	1	1	1
1079	1	1	1	1
1080	1	1	1	1
1081	1	1	1	1
1082	1	1	1	1
1083	1	1	1	1
1084	1	1	1	1
1085	1	1	1	1
1086	1	1	1	1
1087	1	1	1	1
1088	1	1	1	1
1089	1	1	1	1
1090	1	1	1	1
1091	1	1	1	1
1092	1	1	1	1
1093	1	1	1	1
1094	1	1	1	1
1095	1	1	1	1
1096	1	1	1	1
1097	1	1	1	1
1098	1	1	1	1
1099	1	1	1	1
1100	1	1	1	1
1101	1	1	1	1
1102	1	1	1	1
1103	1	1	1	1
1104	1	1	1	1
1105	1	1	1	1
1106	1	1	1	1
1107	1	1	1	1
1108	1	1	1	1
1109	1	1	1	1
1110	1	1	1	1
1111	1	1	1	1
1112	1	1	1	1
1113	1	1	1	1
1114	1	1	1	1
1115	1	1	1	1
1116	1	1	1	1
1117	1	1	1	1
1118	1	1	1	1
1119	1	1	1	1
1120	1	1	1	1
1121	1	1	1	1
1122	1	1	1	1
1123	1	1	1	1
1124	1	1	1	1
1125	1	1	1	1
1126	1	1	1	1
1127	1	1	1	1
1128	1	1	1	1
1129	1	1	1	1
1130	1	1	1	1
1131	1	1	1	1
1132	1	1	1	1
1133	1	1	1	1
1134	1	1	1	1
1135	1	1	1	1
1136	1	1	1	1
1137	1	1	1	1
1138	1	1	1	1
1139	1	1	1	1
1140	1	1	1	1
1141	1	1	1	1
1142	1	1	1	1
1143	1	1	1	1
1144	1	1	1	1
1145	1	1	1	1
1146	1	1	1	1
1147	1	1	1	1
1148	1	1	1	1
1149	1	1	1	1
1150	1	1	1	1
1151	1	1	1	1
1152	1	1	1	1
1153	1	1	1	1
1154	1	1	1	1
1155	1	1	1	1
1156	1	1	1	1
1157	1	1	1	1
1158	1	1	1	1
1159	1	1	1	1
1160	1	1	1	1
1161	1	1	1	1
1162	1	1	1	1
1163	1	1	1	1
1164	1	1	1	1
1165	1	1	1	1
1166	1	1	1	1
1167	1	1	1	1
1168	1	1	1	1
1169	1	1	1	1
1170	1	1	1	1
1171	1	1	1	1
1172	1	1	1	1
1173	1	1	1	1
1174	1	1	1	1
1175	1	1	1	1
1176	1	1	1	1
1177	1	1	1	1
1178	1	1	1	1
1179	1	1	1	1
1180	1	1	1	1
1181	1	1	1	1
1182	1	1	1	1
1183	1	1	1	1
1184	1	1	1	1
1185	1	1	1	1
1186	1	1	1	1
1187	1	1	1	1
1188	1	1	1	1
1189	1	1	1	1
1190	1	1	1	1
1191	1	1	1	1
1192	1	1	1	1
1193	1	1	1	1
1194	1	1	1	1
1195	1	1	1	1
1196	1	1	1	1
1197	1	1	1	1
1198	1	1	1	1
1199	1	1	1	1
1200	1	1	1	1
1201	1	1	1	1
1202	1	1	1	1
1203	1	1	1	1
1204	1	1	1	1
1205	1	1	1	1
1206	1	1	1	1
1207	1	1	1	1
1208	1	1	1	1
1209	1	1	1	1
1210	1	1	1	1
1211	1	1	1	1
1212	1	1	1	1
1213	1	1	1	1
1214	1	1	1	1
1215	1	1	1	1
1216	1	1	1	1
1217	1	1	1	1
1218	1	1	1	1
1219	1	1	1	1
1220	1	1	1	1
1221	1	1	1	1
1222	1	1	1	1
1223	1	1	1	1
1224	1	1	1	1
1225	1	1	1	1
1226	1	1	1	1
1227	1	1	1	1
1228	1	1	1	1
1229	1	1	1	1
1230	1	1	1	1
1231	1	1	1	1
1232	1	1	1	1
1233	1	1	1	1
1234	1	1	1	1
1235	1	1	1	1
1236	1	1	1	1
1237	1	1	1	1
1238	1	1	1	1
1239	1	1	1	1
1240	1	1	1	1
1241	1	1	1	1
1242	1	1	1	1
1243	1	1	1	1
1244	1	1	1	1
1245	1	1	1	1
1246	1	1	1	1
1247	1	1	1	1
1248	1	1	1	1
1249	1	1	1	1
1250	1	1	1	1
1251	1	1	1	1
1252	1	1	1	1
1253	1	1	1	1
1254	1	1	1	1
1255	1	1	1	1
1256	1	1	1	1
1257	1	1	1	1
1258	1	1	1	1
1259	1	1	1	1
1260	1	1	1	1
1261	1	1	1	1
1262	1	1	1	1
1263	1	1	1	1
1264	1	1	1	1
1265	1	1	1	1
1266	1	1	1	1
1267	1	1	1	1
1268	1	1	1	1
1269	1	1	1	1
1270	1	1	1	1
1271	1	1	1	1
1272	1	1	1	1
1273	1	1	1	1
1274	1	1	1	1
1275	1	1	1	1
1276	1	1	1	1
1277	1	1	1	1
1278	1	1	1	1
1279	1	1	1	1
1280	1	1	1	1
1281	1	1	1	1
1282	1	1	1	1
1283	1	1	1	1
1284	1	1	1	1
1285	1	1	1	1
1286	1	1	1	1
1287	1	1	1	1
1288	1	1	1	1
1289	1	1	1	1
1290	1	1	1	1
1291	1	1	1	1
1292	1	1	1	1
1293	1	1	1	1
1294	1	1	1	1
1295	1	1	1	1
1296	1	1	1	1
1297	1	1	1	1
1298	1	1	1	1
1299	1	1	1	1
1300	1	1	1	1
